x = [1930 1940 1950 1960 1970 1980];
y = [123203 131669 150697 179323 203212 226505];

lagrange(1955, x, y)
lagrange(1995, x, y)