x = [100, 121, 144];
y = [10, 11, 12];

lagrange(115, x, y)